Shape: torch.Size([10, 8, 4, 4])
Values:
Filter 1:
  Input Channel 1:
    0.028591 -0.142580 -0.216819 -0.295478
    0.310755 -0.047502 -0.052332 -0.764798
    0.053956 -0.176145 -0.275993 -0.372829
    0.112930 -0.032637 -0.112604 -0.061660
  Input Channel 2:
    -0.070963 -0.157555 -0.116797 0.581301
    -0.224285 -0.179619 0.129453 0.482437
    0.122900 -0.019203 0.036127 -0.105405
    0.337932 0.175325 0.384036 -0.991344
  Input Channel 3:
    -0.062417 -0.019428 -0.245253 -0.594680
    0.124244 0.011960 -0.027856 0.164619
    -0.142451 0.115901 0.191080 0.102114
    -0.113428 0.105511 -0.324544 -0.049252
  Input Channel 4:
    0.119195 -0.157307 -0.275009 0.216901
    -0.232522 -0.310577 -0.077152 0.291557
    -0.518962 -0.047556 0.045835 0.103681
    -0.290160 -0.494887 -0.269950 -0.558822
  Input Channel 5:
    -0.312137 -0.149465 -0.144436 -0.359082
    -0.395110 -0.096132 -0.104844 -0.244722
    -0.866747 -0.442993 -0.235746 -0.027206
    -0.076143 -0.050283 0.093683 0.332430
  Input Channel 6:
    -0.147573 -0.180786 0.012006 0.143965
    0.054525 -0.012164 -0.153753 -0.033390
    0.105748 0.225173 -0.115057 0.024527
    0.376889 -0.042087 -0.954127 -0.466845
  Input Channel 7:
    0.379575 0.220803 0.179076 0.119784
    -0.050515 0.091348 -0.273317 -0.527246
    -0.061879 -0.116686 -0.132593 -0.053170
    0.046927 0.039920 -0.012232 -0.013642
  Input Channel 8:
    0.072309 0.203204 -0.102194 -0.425950
    0.250279 0.058137 -0.067718 -0.031282
    0.046941 -0.203734 -0.166555 0.093873
    0.150976 -0.506868 -0.468214 -0.053027
Filter 2:
  Input Channel 1:
    0.048301 -0.218609 -0.502879 -0.280081
    0.041005 -0.399306 -0.793272 -0.393792
    -0.233562 -0.252321 -0.493262 -0.303101
    -0.090727 -0.327006 -0.180973 0.025379
  Input Channel 2:
    -0.031681 0.508220 0.420659 0.161313
    -0.551959 -0.072250 0.048096 -0.026667
    -0.457006 -0.251412 -0.023600 0.177282
    -0.175356 -0.409256 -0.021069 0.437526
  Input Channel 3:
    -0.050685 0.171517 0.224968 0.069656
    0.152810 0.065455 0.190697 -0.117897
    -0.107832 -0.034417 0.137977 0.001542
    -0.170483 0.213016 0.101880 -0.143240
  Input Channel 4:
    -0.295072 -0.438582 -0.484093 -0.407235
    -0.010948 -0.267655 -0.189169 -0.206291
    -0.073691 -0.341857 -0.110345 -0.276158
    -0.361900 -0.526480 -0.536943 -0.257002
  Input Channel 5:
    -0.230778 0.009045 0.009626 -0.396511
    -0.044440 -0.216558 -0.493449 -0.140405
    0.095762 -0.270140 -0.622016 0.028672
    0.004530 -0.174158 0.351225 0.175518
  Input Channel 6:
    -0.059431 0.050988 0.266609 0.375158
    -0.255060 -0.095205 0.120092 0.056796
    -0.080666 0.075827 0.334285 -0.403881
    0.097727 -0.043208 -0.050583 0.582615
  Input Channel 7:
    -0.326199 -0.058755 -0.040707 -0.081450
    0.044619 -0.141546 -0.211057 -0.173701
    0.242488 -0.022419 -0.002371 0.197575
    0.224192 0.321934 0.306748 0.297200
  Input Channel 8:
    -0.487118 -0.069683 0.148509 0.308019
    -0.742156 -0.064155 0.041831 0.205405
    -0.281414 0.074162 -0.020886 -0.115871
    0.258445 0.268691 -0.024362 -0.670221
Filter 3:
  Input Channel 1:
    -0.162188 -0.101005 -0.165590 -0.670939
    -0.092412 -0.065530 -0.085523 -0.247078
    0.086390 -0.001275 -0.003319 0.077577
    0.269506 0.221467 0.195342 0.121264
  Input Channel 2:
    -0.478438 -0.136067 0.098987 0.120515
    -0.520848 -0.301956 -0.083943 0.022992
    -0.212676 0.000940 -0.100668 -0.244573
    -0.158438 0.000997 0.285540 0.362181
  Input Channel 3:
    -0.021872 0.028553 0.164386 0.015699
    -0.254298 -0.145951 0.076987 0.146331
    0.289070 0.069212 0.185260 -0.042288
    0.594167 -0.155358 -0.536081 -0.626280
  Input Channel 4:
    0.317923 0.259899 0.281405 0.275313
    0.099531 -0.004860 0.074313 -0.018077
    -0.151150 0.032932 0.158266 -0.411731
    -0.409520 -0.229246 -0.067712 -0.198290
  Input Channel 5:
    -0.018483 0.082772 0.041482 -0.528994
    0.091650 0.023520 0.067175 -0.172837
    0.013668 -0.014269 -0.092677 0.157227
    0.016408 0.057034 -0.162974 0.496268
  Input Channel 6:
    0.006458 -0.051128 -0.026883 -0.170645
    -0.341641 -0.215640 -0.016362 0.164870
    0.173948 0.122381 0.079064 0.076667
    -0.016194 -0.059134 -0.123791 -0.056631
  Input Channel 7:
    0.081082 -0.121690 -0.072233 -0.424358
    0.541639 0.363783 0.105762 0.024739
    0.293638 0.280131 0.082710 0.007999
    -0.059263 0.296723 -0.057060 -0.356827
  Input Channel 8:
    0.359570 -0.170026 -0.428186 -0.181004
    -0.228517 -0.157700 -0.144003 -0.165971
    0.047961 -0.000028 0.142752 0.155466
    0.110862 -0.276334 -0.210042 -0.039341
Filter 4:
  Input Channel 1:
    -0.359687 -0.184909 -0.103390 0.256551
    -0.233131 0.043509 0.062279 0.331671
    -0.242226 0.119167 0.140191 0.097638
    -0.388799 -0.095058 -0.060518 0.004572
  Input Channel 2:
    -0.197904 -0.088220 -0.141934 -0.032114
    -0.659298 -0.274268 0.094222 0.012871
    -0.139707 -0.203991 -0.002149 -0.087821
    0.308165 0.187385 0.173357 -0.128761
  Input Channel 3:
    -0.750606 -0.683898 0.431252 0.366336
    -0.476153 -0.178862 -0.209076 -0.051481
    -0.267879 0.055105 -0.012464 0.226012
    -0.258780 -0.148599 0.260858 0.349085
  Input Channel 4:
    0.478680 0.366909 0.168953 0.262599
    -0.011125 0.188069 0.037654 -0.004946
    -0.211941 -0.171965 -0.081371 0.317751
    -0.201471 0.113832 0.169238 0.416941
  Input Channel 5:
    0.117241 0.013113 0.165936 -0.553397
    -0.018224 0.003651 0.279516 -0.105362
    0.040478 0.187539 0.262862 -0.275146
    -0.040250 0.220306 0.092424 -0.408376
  Input Channel 6:
    -0.227845 -0.210914 -0.130111 -0.127155
    -0.206477 -0.196869 -0.275624 -0.313506
    -0.002409 -0.203993 -0.204837 -0.342980
    -0.233123 -0.442446 -0.252895 -0.436701
  Input Channel 7:
    0.014329 0.193569 0.128088 -0.110544
    -0.445217 -0.119921 0.092526 0.189492
    -0.184011 -0.132488 -0.052005 -0.244082
    0.187259 0.074186 0.194747 0.096745
  Input Channel 8:
    -0.322970 -0.110656 0.118759 0.546612
    -0.225080 -0.135360 -0.088324 0.070863
    -0.491393 -0.040849 -0.140979 -0.060276
    -0.805652 -0.414887 -0.182681 -0.204636
Filter 5:
  Input Channel 1:
    -0.197190 0.020773 0.074369 -0.064689
    0.003857 -0.095968 0.003418 0.027376
    0.247896 0.045382 0.098629 0.012316
    0.109387 -0.311438 -0.331563 -0.054781
  Input Channel 2:
    0.544648 0.202572 0.077651 0.113176
    0.191596 0.163745 0.091994 0.170975
    0.018470 0.176883 0.070726 -0.031677
    -0.123471 -0.197525 -0.381947 -0.234041
  Input Channel 3:
    0.177848 0.334854 0.300831 0.180716
    0.089632 0.207151 0.076372 0.001989
    -0.017548 -0.215370 -0.207921 -0.202422
    -0.143640 -0.059491 -0.335899 -0.332352
  Input Channel 4:
    0.045915 -0.278496 -0.328315 -0.553306
    -0.033804 0.093389 -0.007552 -0.419415
    0.128187 0.164517 -0.014989 -0.440584
    0.374147 0.261419 0.054417 -0.183214
  Input Channel 5:
    -0.294980 -0.288380 -0.316147 -0.213172
    -0.412301 0.018674 -0.210070 -0.283276
    0.345536 -0.031919 0.040274 -0.033696
    0.126554 -0.198971 0.054608 -0.221030
  Input Channel 6:
    0.278831 0.333205 0.255519 0.301481
    -0.269753 -0.111919 -0.243034 0.165381
    0.005928 -0.137137 -0.276107 0.161192
    -0.256727 0.235790 0.394065 0.417160
  Input Channel 7:
    -0.109464 -0.194989 -0.120948 -0.221496
    0.370780 0.061713 -0.003393 -0.198678
    0.000150 -0.485124 -0.138771 0.245127
    -0.455129 -0.442491 -0.312957 -0.600866
  Input Channel 8:
    -0.456480 -0.306714 -0.010961 0.111503
    -0.098644 -0.416494 -0.113959 0.267782
    0.160862 -0.027414 0.043354 0.362314
    0.147534 0.208965 0.280909 0.367960
Filter 6:
  Input Channel 1:
    0.089866 0.213334 0.116254 0.467399
    -0.084130 0.052066 -0.109660 0.064452
    -0.172293 0.012036 -0.101686 -0.724887
    -0.306290 -0.142216 -0.265263 -0.284842
  Input Channel 2:
    -0.124343 0.056036 -0.000240 -0.208435
    0.056188 0.073833 -0.257335 -0.176477
    0.189946 0.056316 -0.152087 0.180320
    0.117529 0.166166 -0.012008 -0.049472
  Input Channel 3:
    -0.076012 -0.187140 -0.707208 -0.182717
    -0.102196 0.093341 -0.435455 -0.537589
    -0.381037 -0.018064 0.177920 0.126689
    -0.536234 0.267593 0.320940 0.317858
  Input Channel 4:
    -0.006742 -0.373430 -0.655058 -1.201187
    0.202176 -0.141560 -0.028509 -0.132128
    -0.009091 0.041292 0.052424 0.223144
    0.059326 0.041341 0.232319 0.315293
  Input Channel 5:
    -0.503146 -0.081081 0.011591 0.500175
    0.015788 0.188876 -0.074623 0.413635
    0.198194 0.061645 -0.124612 0.348014
    0.252918 -0.015103 -0.073128 -0.386896
  Input Channel 6:
    0.020453 0.231726 -0.048696 0.105944
    -0.048431 0.238701 0.065951 -0.282020
    -0.024687 0.219609 0.010264 -0.058083
    -0.089712 -0.560878 -0.600648 -0.080697
  Input Channel 7:
    -0.332624 -0.005464 -0.022373 0.148400
    -0.076511 -0.207330 0.097495 -0.119125
    0.076700 -0.177313 0.031474 0.013525
    -0.150334 0.334095 0.275989 0.070589
  Input Channel 8:
    -0.039856 0.063746 0.085298 -0.165097
    -0.123515 0.156293 0.032020 -0.220544
    -0.246507 0.016252 -0.022395 -0.155731
    -0.571881 -0.207618 -0.338412 -0.320981
Filter 7:
  Input Channel 1:
    -0.164607 0.101770 -0.017637 -0.073166
    -0.149745 0.203650 0.051256 0.025490
    -0.040089 0.012938 0.154849 0.039336
    -0.047628 0.030722 0.156297 0.026396
  Input Channel 2:
    0.287097 0.119023 -0.145525 -0.758351
    0.227475 -0.155607 -0.261604 -0.179834
    0.154746 -0.044210 0.134967 0.149574
    0.100223 0.181246 0.238210 -0.015663
  Input Channel 3:
    0.328150 0.511460 0.384345 -0.060689
    0.278707 -0.222784 -0.448032 -0.400726
    0.032439 0.096511 -0.048733 0.172924
    -0.327674 -0.413660 -0.275718 0.144911
  Input Channel 4:
    -0.063292 -0.426390 -0.223680 -0.516533
    -0.447904 -0.514109 0.138965 -0.093638
    -0.586408 -0.171769 -0.129203 0.168415
    -0.356571 -0.250414 -0.070373 0.068985
  Input Channel 5:
    -0.547836 -0.621341 -0.408568 0.035702
    -0.772627 -0.609958 -0.183337 -0.013339
    -0.706285 -0.541534 -0.149343 -0.108716
    -0.138471 0.202769 0.158724 0.025595
  Input Channel 6:
    0.123958 0.099592 0.254694 -0.398000
    0.068493 -0.084276 0.044352 -0.433772
    0.116411 0.157586 -0.192740 -0.339717
    0.040495 -0.110136 -1.072158 -0.896612
  Input Channel 7:
    0.049504 -0.318961 -0.331271 -0.102499
    0.503007 0.138198 0.204555 0.549344
    -0.050335 0.177257 -0.024195 -0.000345
    -0.097360 -0.073052 -0.123180 -0.070247
  Input Channel 8:
    0.290923 0.267490 0.328547 -0.021506
    -0.036132 -0.049181 0.019410 -0.493155
    0.177179 0.011584 -0.052778 -0.314146
    0.136599 -0.228269 -0.357293 -0.069170
Filter 8:
  Input Channel 1:
    -0.435105 -0.581743 -0.687917 -0.041157
    -0.352548 -0.383315 -0.480371 -0.043208
    -0.199840 -0.357301 -0.195337 0.142969
    -0.480535 -0.245161 -0.240966 0.082080
  Input Channel 2:
    0.536397 0.329641 0.148551 -0.431724
    0.057063 -0.317171 -0.044210 0.021203
    -0.382826 -0.198547 0.104037 0.138896
    -0.841491 -0.481670 -0.396161 -0.461004
  Input Channel 3:
    -0.106128 -0.807031 -0.685082 0.203558
    -0.011062 0.217442 0.147554 0.043714
    -0.290575 0.272609 -0.142528 -0.355102
    0.023218 0.121856 0.162485 0.011112
  Input Channel 4:
    -0.292120 0.219580 0.118456 -0.021898
    -0.132032 0.107170 0.183586 0.181407
    0.251087 -0.180137 -0.165640 -0.011597
    0.364433 0.014097 -0.229607 -0.777771
  Input Channel 5:
    0.156598 0.105231 0.040937 0.281311
    0.186817 -0.004181 -0.187775 -0.129633
    0.183556 -0.089530 -0.085817 0.199079
    0.024270 -0.201435 -0.236196 -0.291619
  Input Channel 6:
    -0.110228 0.096246 -0.038214 -0.167127
    0.274565 0.224444 0.083758 0.113907
    -0.132496 -0.314694 -0.273639 0.227914
    -0.176097 0.246695 0.415528 0.365586
  Input Channel 7:
    0.512599 -0.043905 -0.034672 0.243068
    0.155705 0.126023 -0.242397 -0.325102
    -0.143407 0.281946 0.192112 0.336929
    -0.281414 -0.637755 -0.548103 -0.704295
  Input Channel 8:
    -0.121924 -0.152308 -0.249518 -0.159998
    0.338422 0.138741 0.065477 0.176473
    0.170009 -0.154067 -0.111473 -0.016730
    -0.002032 0.378314 0.442791 0.307384
Filter 9:
  Input Channel 1:
    0.261595 0.127139 0.203854 0.077259
    0.051638 -0.068731 0.002059 0.393158
    0.158437 0.087861 -0.023891 0.321880
    0.226405 0.203805 0.288501 0.056581
  Input Channel 2:
    -0.495811 -0.133780 0.087551 0.093717
    0.299527 0.407225 0.186152 -0.043272
    -0.122689 0.042188 0.056721 -0.188622
    -0.071193 -0.131304 0.131435 0.104158
  Input Channel 3:
    -0.096075 -0.259993 -0.136333 0.054244
    -0.220928 -0.462111 -0.229395 -0.097822
    0.233412 -0.129372 -0.075872 -0.256037
    -0.014855 -0.470439 0.163120 0.389627
  Input Channel 4:
    -0.410460 -0.113794 -0.070440 0.188188
    0.575036 0.229027 0.008778 0.051419
    0.345730 -0.044998 -0.056342 -0.009434
    0.276907 -0.100906 -0.027844 0.339671
  Input Channel 5:
    -0.171839 -0.022895 -0.116692 -0.115283
    -0.258331 -0.196624 -0.082201 -0.196465
    -0.189550 -0.313656 0.070772 0.032218
    -0.375386 -0.209391 -0.072341 -0.073660
  Input Channel 6:
    0.069841 -0.079083 -0.075960 -0.158622
    -0.091462 -0.029493 0.006690 -0.248306
    -0.174004 -0.127735 0.002159 -0.280191
    0.083302 -0.017025 -0.317835 -0.502546
  Input Channel 7:
    -0.280791 0.111170 0.113052 0.029230
    -0.248939 -0.069772 -0.028242 -0.018525
    0.018301 0.130111 0.027435 -0.398774
    -0.229717 0.042245 -0.174107 -0.185840
  Input Channel 8:
    0.001237 -0.225617 -0.104798 0.160567
    -0.326180 -0.074955 -0.074152 -0.121150
    0.045505 0.163683 -0.056607 -0.199424
    0.116615 -0.162145 -0.180240 -0.491828
Filter 10:
  Input Channel 1:
    0.416782 0.289301 0.287646 -0.194643
    0.127622 0.034567 0.087225 -0.359936
    -0.018299 0.054776 -0.064013 -0.560707
    -0.274767 -0.270076 -0.260784 -0.390940
  Input Channel 2:
    -0.438635 -0.207532 -0.048958 0.170026
    0.178968 -0.018574 0.038664 0.175771
    0.427600 0.140888 -0.136248 -0.140984
    -0.044425 -0.093143 -0.426275 0.112573
  Input Channel 3:
    -0.030786 -0.283789 -0.460596 -0.192574
    -0.085704 -0.280443 0.313264 0.315388
    0.183992 -0.825927 -0.008822 0.058751
    -0.100503 -0.221761 -0.075334 -0.209413
  Input Channel 4:
    -0.498581 -0.029577 0.002176 0.085131
    -0.815562 0.099853 -0.082564 -0.000717
    -0.096059 0.129749 -0.044991 -0.334295
    0.043618 0.081390 0.049328 -0.351628
  Input Channel 5:
    -0.498478 -0.239227 0.031931 -0.311656
    -0.323574 0.061517 0.014162 -0.243260
    -0.227077 0.244750 0.240275 -0.351388
    0.147801 0.117028 -0.136556 -0.612970
  Input Channel 6:
    -0.175232 -0.621313 -0.467735 -0.187767
    0.305555 0.118654 -0.015520 -0.157755
    0.122083 0.185207 0.096220 0.047314
    -0.105237 0.124150 0.193129 0.571917
  Input Channel 7:
    -0.015368 0.143646 0.211270 0.387525
    -0.312104 -0.058727 -0.145188 0.044629
    -0.887316 -0.330498 -0.041483 0.031154
    0.017059 -0.218214 -0.476907 -0.055862
  Input Channel 8:
    0.118733 0.160489 -0.028195 0.028167
    -0.056455 -0.049376 -0.089536 -0.090609
    -0.345509 -0.177780 -0.095449 -0.093892
    -0.035643 0.017947 0.293603 0.164338
--------------------------------------------------------------------------------

Layer: conv3.bias
Shape: torch.Size([10])
Values:
Bias for Filter 1: 0.308882
Bias for Filter 2: 0.653536
Bias for Filter 3: -0.086758
Bias for Filter 4: -0.307940
Bias for Filter 5: -0.398246
Bias for Filter 6: 0.100401
Bias for Filter 7: -0.238985
Bias for Filter 8: 0.160113
Bias for Filter 9: -0.126906
Bias for Filter 10: -0.271893
--------------------------------------------------------------------------------
