
Layer: conv1.weight
Shape: torch.Size([4, 1, 5, 5])
Values:
Filter 1:
  Input Channel 1:
    -0.165060 -0.283371 -0.219015 -0.167052 0.000024
    -0.357509 -0.339955 -0.456014 -0.207045 -0.055785
    -0.102356 -0.336227 -0.070930 -0.006668 0.175601
    0.190628 0.229616 0.199192 0.225004 0.105354
    0.150764 0.183952 0.165188 0.100590 0.165549
Filter 2:
  Input Channel 1:
    -0.097941 -0.126863 -0.039627 0.238272 0.117816
    -0.057240 -0.069003 -0.349188 0.164763 0.345486
    -0.217481 -0.203840 -0.153329 -0.071384 0.522820
    -0.284103 -0.176221 -0.088899 0.043518 0.329126
    -0.442612 -0.081972 0.103502 -0.019127 0.211781
Filter 3:
  Input Channel 1:
    -0.386668 0.387937 0.271267 0.226195 0.182240
    -0.083938 0.617510 0.445042 0.125126 -0.052755
    0.585509 0.273279 -0.109754 -0.353617 -0.182651
    0.134228 -0.218633 -0.391075 -0.288511 -0.108951
    -0.330170 -0.179938 -0.269565 -0.082091 -0.117139
Filter 4:
  Input Channel 1:
    -0.068729 0.386691 0.091285 0.115570 0.172651
    0.207715 0.280089 0.437907 0.320985 0.300319
    -0.418257 -0.182936 0.015764 0.224850 0.324838
    -0.162654 -0.355555 -0.299459 -0.322897 0.198483
    -0.299863 -0.134041 -0.413827 -0.214204 -0.092095
--------------------------------------------------------------------------------

Layer: conv1.bias
Shape: torch.Size([4])
Values:
Bias for Filter 1: -0.299703
Bias for Filter 2: -0.134415
Bias for Filter 3: -0.007708
Bias for Filter 4: -0.004989
--------------------------------------------------------------------------------

Layer: conv2.weight
Shape: torch.Size([16, 4, 3, 3])
Values:
Filter 1:
  Input Channel 1:
    0.111759 0.126130 0.090491
    0.128928 0.182879 0.196461
    0.166675 0.036571 -0.178887
  Input Channel 2:
    0.020664 0.071530 0.075772
    0.071161 0.174050 -0.051035
    0.244671 0.180348 -0.043491
  Input Channel 3:
    -0.192018 0.053591 -0.038718
    -0.360708 -0.142147 -0.079971
    -0.224634 -0.118470 -0.081073
  Input Channel 4:
    -0.213544 -0.241994 -0.710454
    -0.382961 -0.404892 -0.391947
    -0.305430 -0.350763 -0.310030
Filter 2:
  Input Channel 1:
    0.124252 0.120494 0.197675
    -0.140085 0.092436 0.097508
    -0.209961 -0.263840 -0.307932
  Input Channel 2:
    -0.132480 -0.403664 0.094740
    0.011578 -0.301230 -0.051991
    -0.185115 0.329908 0.090293
  Input Channel 3:
    -0.197479 0.030551 -0.171709
    -0.121042 -0.050154 -0.743362
    0.400004 0.032252 -0.455491
  Input Channel 4:
    -0.062212 -0.459343 0.031134
    0.100012 0.241584 -0.058702
    -0.028574 0.069632 -0.097684
Filter 3:
  Input Channel 1:
    -0.130400 -0.154699 0.016765
    0.157753 -0.030146 0.164780
    -0.059688 0.176207 0.397881
  Input Channel 2:
    -0.110196 -0.271254 -0.213794
    -0.102251 -0.123807 -0.301685
    -0.093123 -0.275478 -0.367991
  Input Channel 3:
    -0.371964 -0.413278 -0.079615
    -0.195752 -0.250347 0.085086
    -0.016336 -0.075473 -0.122091
  Input Channel 4:
    0.132292 0.192625 0.006731
    0.206995 0.171762 0.177513
    0.209380 0.300636 0.114668
Filter 4:
  Input Channel 1:
    -0.149112 -0.029316 0.285267
    -0.199288 -0.366022 -0.005205
    -0.464272 0.167156 0.350028
  Input Channel 2:
    0.131246 0.023029 -0.089000
    0.107072 -0.007626 0.189380
    0.173619 -0.523208 -0.328474
  Input Channel 3:
    0.080014 0.306337 0.111031
    -0.092392 0.306895 0.092697
    -0.293142 -0.412472 0.063289
  Input Channel 4:
    -0.306880 -0.091678 -0.036808
    -0.469891 -0.318685 -0.021155
    0.129931 0.169796 0.181980
Filter 5:
  Input Channel 1:
    0.032894 0.030120 0.086090
    -0.149394 0.068054 0.038193
    -0.131293 -0.086974 -0.241241
  Input Channel 2:
    -0.036282 -0.151943 -0.129129
    0.026924 0.120969 0.257077
    -0.214010 -0.104213 -0.088575
  Input Channel 3:
    0.062856 0.021874 -0.049999
    0.030456 -0.082708 0.062629
    -0.120045 -0.040266 0.225286
  Input Channel 4:
    -0.175173 -0.369585 -0.313778
    -0.108411 0.047539 -0.050369
    0.228531 0.170220 0.250419
Filter 6:
  Input Channel 1:
    0.001876 -0.045561 0.060833
    -0.263049 -0.280595 -0.092250
    0.204167 0.205443 0.302508
  Input Channel 2:
    -0.075934 0.187692 -0.081081
    -0.174399 -0.083570 -0.096003
    0.042683 -0.073370 -0.182402
  Input Channel 3:
    -0.148244 0.017001 -0.213078
    0.069645 -0.011258 0.109737
    -0.074597 0.061018 -0.010653
  Input Channel 4:
    -0.037641 -0.086293 0.134667
    0.347337 0.165326 0.036399
    -0.176122 -0.044099 -0.028314
Filter 7:
  Input Channel 1:
    -0.147714 -0.149492 0.261624
    0.177564 0.120403 -0.070419
    0.014730 -0.295916 -0.024606
  Input Channel 2:
    -0.125127 0.126850 0.044578
    0.067725 -0.009448 -0.176274
    -0.022058 -0.056078 -0.054448
  Input Channel 3:
    0.123099 -0.246721 -0.059230
    -0.616590 0.100549 0.273384
    -0.077737 0.005435 -0.242747
  Input Channel 4:
    0.194752 -0.115283 -0.122833
    -0.215667 -0.217306 0.185735
    -0.164344 0.146127 0.047397
Filter 8:
  Input Channel 1:
    0.047000 0.240264 -0.104139
    -0.007860 0.224264 0.156156
    -0.192158 -0.201789 0.087527
  Input Channel 2:
    0.066003 -0.145036 -0.125008
    -0.020088 -0.196284 -0.053214
    0.111422 0.026639 -0.069555
  Input Channel 3:
    0.012579 0.343033 0.177075
    -0.272071 -0.217489 -0.029129
    0.041289 -0.166633 -0.023760
  Input Channel 4:
    0.012182 0.198806 0.320891
    -0.352504 -0.006972 -0.037254
    -0.462068 0.132309 0.006858
Filter 9:
  Input Channel 1:
    0.014483 0.099069 0.387103
    -0.156296 -0.320417 -0.216525
    0.044387 0.114622 -0.492453
  Input Channel 2:
    0.029514 -0.270535 -0.706768
    0.254608 0.070796 -0.367796
    -0.040405 0.302675 0.208550
  Input Channel 3:
    -0.081444 -0.192911 -0.180491
    0.005164 -0.146846 -0.192519
    0.319413 0.133221 0.231424
  Input Channel 4:
    0.367498 -0.188832 -0.596809
    0.031431 -0.075551 -0.497742
    -0.391877 -0.241179 -0.350562
Filter 10:
  Input Channel 1:
    -0.056226 0.090776 -0.256917
    -0.135166 0.131024 -0.135693
    -0.178704 0.191590 0.068930
  Input Channel 2:
    -0.023734 -0.074642 -0.054119
    -0.580371 -0.045232 0.255524
    -0.230614 -0.407982 -0.357463
  Input Channel 3:
    0.198153 0.196825 0.004219
    -0.229461 -0.144524 0.254443
    -0.187269 0.008690 0.232025
  Input Channel 4:
    -0.400968 0.220508 0.059434
    0.271688 -0.020923 -0.132018
    0.261061 0.354751 -0.190662
Filter 11:
  Input Channel 1:
    -0.059330 -0.138782 -0.410676
    -0.132597 -0.486776 -0.225010
    -0.076741 0.159937 0.024410
  Input Channel 2:
    -0.137465 -0.003924 0.212763
    -0.045398 -0.163195 0.187765
    -0.085989 -0.395927 -0.092142
  Input Channel 3:
    0.050404 -0.051923 -0.259296
    -0.012583 0.237409 0.114703
    0.256658 0.227377 0.105057
  Input Channel 4:
    0.295552 -0.098099 0.082747
    -0.114721 -0.185750 0.087490
    -0.128571 -0.052438 0.072171
Filter 12:
  Input Channel 1:
    -0.195318 -0.168593 0.202420
    0.001791 -0.075565 -0.058811
    -0.060952 0.086729 -0.004473
  Input Channel 2:
    0.159311 0.133376 -0.114447
    -0.230737 -0.214126 -0.096380
    -0.130529 0.106083 -0.050707
  Input Channel 3:
    0.142456 0.236612 0.238493
    -0.024463 -0.029289 -0.291457
    0.043196 -0.249149 -1.090097
  Input Channel 4:
    0.325594 -0.057443 -0.070763
    0.026886 -0.210871 -0.270840
    -0.504689 -0.459785 -0.527186
Filter 13:
  Input Channel 1:
    0.000106 -0.055309 0.196227
    0.150003 -0.000438 -0.176463
    -0.041186 0.074876 -0.037633
  Input Channel 2:
    0.129500 0.086288 0.161947
    -0.194450 0.200075 -0.119799
    -0.412858 -0.151539 0.235438
  Input Channel 3:
    -0.421992 -0.112929 0.191793
    -0.319773 -0.340758 -0.016885
    0.230010 -0.425198 -0.367312
  Input Channel 4:
    0.148729 0.186840 0.045700
    0.153135 0.097821 0.243574
    0.031440 -0.308106 -0.087973
Filter 14:
  Input Channel 1:
    0.000265 -0.356685 -0.015645
    -0.357116 -0.270271 -0.058289
    -0.201289 -0.346981 0.072369
  Input Channel 2:
    0.091374 0.136131 0.040749
    0.113768 -0.031373 -0.028312
    0.123606 0.296139 0.033928
  Input Channel 3:
    0.133513 0.041829 0.286234
    -0.104283 -0.235880 -0.051389
    -0.012872 -0.084088 -0.152148
  Input Channel 4:
    -0.117925 -0.320926 -0.504387
    0.108423 -0.030379 -0.304545
    0.296607 0.030322 0.437341
Filter 15:
  Input Channel 1:
    -0.037656 0.034696 -0.138579
    0.124768 -0.112839 -0.144645
    0.126756 -0.225515 0.098540
  Input Channel 2:
    0.029635 -0.046603 0.341275
    0.033257 -0.049006 0.380995
    0.061847 -0.152089 -0.259242
  Input Channel 3:
    -0.216627 -0.113644 0.028033
    -0.472262 0.121400 0.167127
    -0.073968 0.339729 0.131743
  Input Channel 4:
    0.154519 -0.038874 -0.351450
    -0.118811 -0.277415 -0.509214
    -0.344283 -0.145427 -0.236505
Filter 16:
  Input Channel 1:
    0.034157 -0.020605 -0.284453
    0.056027 -0.053994 -0.320671
    0.098484 -0.044330 -0.126160
  Input Channel 2:
    0.094365 0.206033 -0.083795
    0.189944 0.174832 -0.193046
    0.135251 0.371868 -0.366475
  Input Channel 3:
    -0.109136 -0.055044 0.242621
    -0.168504 -0.273856 0.096831
    -0.129896 -0.062716 0.066148
  Input Channel 4:
    -0.000066 -0.323239 -0.022404
    -0.031147 -0.286146 -0.095967
    -0.122421 -0.093530 -0.052164
--------------------------------------------------------------------------------

Layer: conv2.bias
Shape: torch.Size([16])
Values:
Bias for Filter 1: -0.036477
Bias for Filter 2: -0.176808
Bias for Filter 3: 0.070758
Bias for Filter 4: -0.178774
Bias for Filter 5: -0.045317
Bias for Filter 6: 0.004086
Bias for Filter 7: 0.052746
Bias for Filter 8: -0.125475
Bias for Filter 9: 0.063898
Bias for Filter 10: 0.073846
Bias for Filter 11: 0.016270
Bias for Filter 12: 0.199396
Bias for Filter 13: -0.132732
Bias for Filter 14: 0.103452
Bias for Filter 15: -0.035103
Bias for Filter 16: 0.059571
--------------------------------------------------------------------------------

Layer: conv3.weight
Shape: torch.Size([10, 16, 4, 4])
Values:
Filter 1:
  Input Channel 1:
    0.070937 0.141975 0.094277 -0.167156
    0.017213 0.030213 -0.057899 -0.190278
    0.036289 -0.021575 -0.124999 -0.058714
    -0.008574 -0.191395 0.049827 0.224528
  Input Channel 2:
    0.160921 -0.103948 -0.061789 0.040258
    -0.029182 -0.147637 0.039395 0.069829
    -0.158163 -0.166387 -0.133182 -0.365988
    -0.154319 -0.246719 0.002245 -0.034232
  Input Channel 3:
    0.021532 0.084924 0.085871 0.089240
    -0.354240 0.105472 0.130339 -0.050380
    0.036015 0.088419 0.149215 0.000469
    0.146368 0.128856 0.162201 0.065417
  Input Channel 4:
    -0.206338 -0.235322 -0.284443 -0.387818
    0.201057 -0.014614 -0.203947 -0.559048
    0.168421 -0.022932 -0.211919 -0.430124
    0.336084 0.169471 -0.001433 -0.478874
  Input Channel 5:
    0.044113 0.057345 0.010011 0.172428
    -0.134495 -0.145984 -0.167736 -0.062952
    -0.246772 -0.071376 -0.023733 -0.035690
    -0.176266 0.024356 0.094874 0.164721
  Input Channel 6:
    0.100005 -0.131411 -0.112254 0.014103
    -0.085221 -0.092527 -0.156484 -0.200376
    -0.191231 -0.141886 -0.109631 -0.113759
    -0.025741 -0.104180 -0.095967 0.011195
  Input Channel 7:
    0.145452 0.008579 0.040990 0.037194
    0.162318 -0.213638 -0.123733 -0.202359
    0.052270 -0.122807 -0.028421 -0.008781
    -0.287136 0.014809 0.110365 0.115864
  Input Channel 8:
    -0.101764 0.062473 0.073788 0.199448
    -0.261918 -0.131533 -0.118409 -0.067421
    -0.197743 -0.091325 -0.082633 -0.103767
    -0.240564 -0.120971 0.064655 0.227577
  Input Channel 9:
    -0.162880 -0.115335 -0.042445 0.092211
    -0.101824 -0.091754 -0.118706 -0.113349
    -0.292834 -0.300357 -0.040242 -0.000602
    -0.113039 -0.224928 0.046899 -0.056134
  Input Channel 10:
    -0.104710 0.095431 -0.114192 -0.276218
    0.135159 0.028842 -0.007506 -0.199782
    0.356142 0.109441 -0.047140 0.009385
    0.134260 0.055999 0.181986 0.166092
  Input Channel 11:
    0.053093 0.206543 0.128548 -0.111368
    0.085639 0.093159 -0.112583 -0.051050
    0.104510 -0.018198 -0.051510 -0.121857
    0.319120 -0.080423 0.021996 0.021531
  Input Channel 12:
    -0.340948 -0.300091 -0.334087 -0.308075
    -0.074482 -0.070519 -0.058185 -0.223817
    -0.073604 -0.263951 -0.218791 -0.114977
    0.107510 0.250335 0.118008 0.259622
  Input Channel 13:
    -0.253512 -0.322729 -0.173322 0.305231
    -0.261145 -0.208244 -0.072980 0.209417
    -0.081869 0.060578 0.129958 0.227308
    -0.085290 0.143663 0.127929 0.136861
  Input Channel 14:
    -0.258370 -0.038696 0.222627 0.202158
    -0.086437 -0.022264 0.138834 0.134702
    0.017264 0.079414 0.031868 -0.189527
    0.084223 0.196686 -0.067203 -1.041851
  Input Channel 15:
    -0.221567 -0.152426 -0.225695 -0.141939
    0.036001 -0.034141 0.141016 0.175430
    0.153686 -0.014579 0.255642 0.231464
    0.051294 -0.044401 0.040739 0.087028
  Input Channel 16:
    0.011799 -0.051990 -0.076279 -0.063556
    0.044881 -0.063909 -0.116951 0.136718
    0.099493 0.023994 -0.130693 0.078612
    0.158295 -0.022427 -0.218535 -0.017632
Filter 2:
  Input Channel 1:
    -0.005432 0.042486 0.265406 0.364651
    -0.073485 -0.017611 0.089656 0.146855
    0.031902 0.125338 0.160431 -0.060037
    -0.069643 0.020181 0.040418 0.035990
  Input Channel 2:
    -0.206308 -0.516944 -0.406775 -0.153966
    -0.149246 -0.069810 -0.270112 -0.348975
    -0.054336 -0.041288 -0.181000 -0.088240
    -0.000483 -0.296704 -0.224120 0.079388
  Input Channel 3:
    0.139072 -0.084527 -0.163160 -0.300845
    0.021072 0.101338 0.246319 0.100815
    0.055224 0.164870 0.145522 0.024394
    0.325523 0.440558 0.155883 0.100063
  Input Channel 4:
    -0.516181 0.015644 -0.121903 0.020966
    -0.905552 -0.265383 -0.099195 0.047464
    -0.713534 -0.190472 -0.075602 0.069167
    -0.246583 -0.097783 -0.056714 -0.081928
  Input Channel 5:
    0.094800 0.101312 0.009790 -0.100779
    -0.023334 -0.062784 -0.039816 0.071677
    0.021774 -0.180639 -0.157834 0.050262
    0.123426 -0.054077 0.041475 0.152242
  Input Channel 6:
    -0.052322 -0.044399 -0.193209 -0.302484
    0.055996 -0.057701 -0.237804 -0.006601
    -0.023335 -0.246584 -0.425278 -0.228144
    0.261265 0.227060 0.109256 -0.017376
  Input Channel 7:
    0.058035 0.043772 -0.170749 -0.124533
    0.169272 0.108480 -0.242435 -0.058125
    0.088629 -0.295587 -0.321019 0.048488
    0.266125 -0.199357 -0.355520 -0.195645
  Input Channel 8:
    -0.307434 -0.173017 -0.068870 -0.134677
    -0.093889 -0.017969 -0.030573 -0.269387
    -0.082195 -0.262673 -0.228040 -0.168288
    0.096728 -0.207305 0.016811 0.152106
  Input Channel 9:
    0.172932 0.202434 -0.019587 -0.350801
    -0.040648 0.026283 -0.017515 -0.115891
    -0.574663 0.007570 -0.148190 -0.137378
    -0.406844 -0.120729 -0.211978 -0.203991
  Input Channel 10:
    0.278573 -0.175584 -0.419557 -0.210282
    -0.277284 -0.454732 -0.432919 -0.415240
    -0.087646 -0.169733 -0.134248 -0.019148
    -0.141790 -0.210756 -0.115207 0.082528
  Input Channel 11:
    -0.260177 -0.298162 -0.100285 0.070233
    0.012721 0.174299 0.030665 0.132267
    0.132908 0.035814 -0.125093 -0.162325
    0.209316 -0.167318 -0.170094 -0.131742
  Input Channel 12:
    -0.006167 0.147917 0.020358 -0.001441
    0.046088 0.048659 -0.066503 0.044075
    -0.032251 0.178097 -0.020841 0.015356
    0.198874 0.188786 -0.034364 0.070779
  Input Channel 13:
    0.146086 0.171239 -0.066870 -0.002878
    0.032156 -0.035547 -0.103095 0.117707
    0.081992 0.156353 0.276581 0.269347
    0.030475 0.065741 0.104058 -0.048308
  Input Channel 14:
    0.084644 0.142512 0.182799 -0.154397
    -0.201256 0.002137 0.047364 0.042667
    -0.473788 -0.149262 0.003667 0.076089
    -0.235837 0.008302 0.042307 -0.014046
  Input Channel 15:
    -0.025834 0.203340 -0.100478 0.070793
    -0.225487 0.112053 -0.025409 -0.008628
    0.142192 0.148684 -0.034829 -0.228054
    0.173322 0.171308 -0.101452 -0.492497
  Input Channel 16:
    -0.231142 0.148242 0.177504 0.084543
    -0.030882 0.005063 0.035730 0.039460
    0.017309 -0.003910 0.086598 -0.174417
    0.149460 0.083802 0.126254 -0.321660
Filter 3:
  Input Channel 1:
    -0.099080 0.010226 -0.130039 -0.272095
    0.020830 -0.073369 0.016823 0.004879
    0.185188 0.085231 -0.074950 0.132809
    0.125326 0.284448 0.334362 0.110750
  Input Channel 2:
    0.301064 0.058164 0.163658 0.016715
    0.148183 0.130115 0.055216 -0.112969
    0.100275 0.296439 0.178248 -0.175681
    -0.008170 0.013062 0.044956 0.047728
  Input Channel 3:
    -0.183883 -0.035087 -0.006944 -0.152493
    0.039555 0.153564 0.117604 0.081969
    -0.147537 0.122499 0.012391 -0.020938
    -0.126824 0.028015 0.019428 0.157044
  Input Channel 4:
    -0.077572 -0.079898 -0.240570 -0.443107
    -0.400262 -0.111926 -0.140744 -0.176850
    -0.024876 0.090127 0.046575 0.043578
    0.121965 0.285396 0.372754 0.195454
  Input Channel 5:
    0.081050 0.019183 -0.018092 -0.317271
    0.109445 -0.021494 -0.052270 0.123217
    -0.141917 -0.023160 0.046855 0.287828
    -0.113298 0.050116 0.087096 0.071642
  Input Channel 6:
    -0.086583 -0.053228 -0.116835 -0.114609
    0.174151 0.080175 -0.000330 -0.026113
    0.042612 0.066813 -0.116822 0.054966
    -0.116176 -0.078728 0.078859 0.308437
  Input Channel 7:
    0.067526 0.056492 0.071055 -0.109743
    0.131272 0.041275 -0.072072 0.020444
    0.155671 0.105391 0.112811 0.071605
    -0.121605 0.087636 0.062657 -0.008700
  Input Channel 8:
    -0.019741 0.008242 0.022855 -0.121493
    -0.020502 0.055316 0.032198 -0.119087
    0.021115 0.007558 -0.071778 -0.084204
    -0.057155 -0.030117 -0.154964 0.195575
  Input Channel 9:
    -0.091399 0.206609 0.181024 0.168395
    -0.067673 -0.006362 -0.019304 -0.115351
    -0.133719 -0.059236 0.031241 -0.226140
    -0.175597 -0.098222 -0.077183 -0.395780
  Input Channel 10:
    -0.331121 -0.091747 -0.051040 -0.342167
    -0.321223 0.062512 -0.026356 -0.056751
    0.118785 0.256171 0.008399 -0.020066
    0.093466 0.106633 0.188892 0.113712
  Input Channel 11:
    0.084588 0.341566 0.100939 0.095604
    -0.162954 0.102400 -0.080373 -0.174563
    0.055542 0.172230 0.114891 -0.154449
    0.254915 -0.051712 -0.090906 -0.210371
  Input Channel 12:
    0.069268 0.132736 -0.011240 -0.376216
    0.081490 0.014556 -0.078801 -0.217375
    -0.114374 0.010085 -0.061563 -0.051923
    0.118226 0.230159 0.066602 0.030125
  Input Channel 13:
    -0.058309 0.112208 0.053490 -0.140803
    -0.042499 0.043767 0.226504 0.101667
    -0.074016 -0.086611 -0.051028 -0.103752
    -0.104107 -0.263185 -0.398526 0.137015
  Input Channel 14:
    0.000862 0.121608 0.065720 -0.005116
    -0.304430 -0.286688 -0.233470 -0.139150
    -0.231495 -0.076973 -0.057078 -0.018175
    -0.044188 0.010565 0.136946 0.431494
  Input Channel 15:
    -0.180098 -0.048738 0.075855 -0.056262
    -0.334821 -0.202458 0.011452 -0.038235
    -0.230699 -0.058164 0.107986 0.101516
    -0.404374 -0.424172 -0.061010 -0.176138
  Input Channel 16:
    0.062809 -0.019454 -0.017520 0.072035
    -0.252710 -0.110773 -0.015599 -0.077028
    -0.016296 -0.026265 -0.003665 0.137383
    0.063873 -0.197941 -0.241465 0.077103
Filter 4:
  Input Channel 1:
    0.019336 -0.275719 -0.305461 -0.086614
    -0.210037 -0.202098 -0.069362 -0.014186
    -0.138317 -0.037638 0.027602 -0.161445
    -0.059496 -0.161211 -0.082741 0.190734
  Input Channel 2:
    0.330362 0.156450 -0.024753 0.134332
    0.089414 -0.143130 -0.049625 0.181533
    0.093147 -0.399366 0.040316 0.328377
    0.077871 -0.148765 0.172292 0.169632
  Input Channel 3:
    -0.019984 -0.043942 -0.040235 -0.081273
    -0.169820 -0.068429 0.045871 -0.091421
    -0.145503 -0.065369 0.071390 -0.224445
    0.160603 0.117508 0.180309 -0.124449
  Input Channel 4:
    -0.348799 -0.284794 -0.145242 0.376846
    -0.414972 -0.155535 -0.088361 0.164124
    -0.431344 -0.145875 0.027818 0.154800
    -0.219369 -0.228955 -0.125622 0.174129
  Input Channel 5:
    0.121643 -0.070599 -0.062055 -0.126191
    0.010619 0.016456 0.099868 0.019501
    0.016893 0.048822 -0.000415 -0.275921
    0.193787 0.133141 -0.047783 -0.158028
  Input Channel 6:
    0.021912 0.060617 -0.019368 -0.268008
    -0.010656 -0.003504 0.185276 0.015513
    -0.139859 -0.087621 0.045611 -0.112898
    0.244150 0.117204 0.026121 -0.249248
  Input Channel 7:
    0.193898 0.071538 -0.027623 0.014222
    0.034879 0.014672 0.067559 0.122457
    -0.191407 0.039155 0.084906 -0.019157
    -0.123049 0.107520 0.131642 0.067827
  Input Channel 8:
    0.188490 0.088866 0.057951 -0.140169
    0.040252 -0.066150 -0.037234 -0.039119
    0.117736 0.021553 0.103651 0.063875
    0.094174 0.016656 0.134313 -0.169570
  Input Channel 9:
    0.285057 0.263884 -0.000356 0.134977
    0.027454 -0.068945 0.077721 0.169203
    0.031857 -0.050189 0.058531 0.092433
    0.083961 0.373345 0.185614 0.110890
  Input Channel 10:
    -0.268210 -0.217672 -0.143871 0.115939
    -0.447577 -0.212090 -0.037098 0.030867
    -0.456130 -0.192031 -0.025665 -0.136875
    0.072248 -0.044320 -0.078361 0.031269
  Input Channel 11:
    -0.107564 0.053066 0.321279 0.301446
    -0.245838 -0.002372 0.076399 0.164206
    -0.357905 -0.100907 -0.037264 0.134474
    -0.339476 0.073292 0.076380 0.114871
  Input Channel 12:
    0.037391 -0.135662 0.077067 -0.356541
    -0.084316 -0.143751 0.139752 -0.073382
    -0.008076 -0.097200 0.129720 -0.054945
    -0.012616 -0.110151 0.031595 -0.184360
  Input Channel 13:
    -0.075733 0.003060 0.007919 -0.228753
    -0.074060 -0.059294 -0.200040 -0.320021
    0.046285 0.035581 0.015874 -0.137555
    0.074462 0.197855 0.146298 -0.058070
  Input Channel 14:
    -0.101526 -0.006419 -0.055269 -0.049068
    -0.192221 -0.111257 0.056443 0.122491
    -0.035021 0.021639 0.134843 0.035130
    0.127939 -0.154575 -0.199273 -0.501871
  Input Channel 15:
    0.192011 0.011431 0.016133 0.048340
    -0.043688 0.020936 -0.074121 -0.043417
    -0.314608 -0.156816 0.006622 -0.032925
    -0.082772 0.099298 0.031891 0.133700
  Input Channel 16:
    -0.392784 -0.319961 -0.186330 -0.142791
    -0.190458 -0.153541 -0.064515 -0.239568
    -0.196509 -0.038530 0.009023 -0.083178
    -0.307944 -0.358534 -0.132102 -0.104231
Filter 5:
  Input Channel 1:
    0.002119 0.026635 0.041852 0.211293
    0.082259 -0.019617 -0.133583 -0.032915
    0.051221 -0.022106 -0.102949 -0.091301
    -0.180694 0.000874 -0.180389 -0.772903
  Input Channel 2:
    -0.169652 -0.123446 -0.104650 -0.031888
    -0.095667 0.184576 0.028858 -0.154053
    -0.060409 0.172622 0.031619 -0.164379
    0.086223 0.326053 -0.155086 -0.423418
  Input Channel 3:
    0.072934 -0.320688 -0.380078 -0.264977
    0.180001 -0.016511 -0.201221 -0.153859
    0.104538 -0.079601 -0.285134 -0.169777
    -0.072542 -0.137545 -0.497971 -0.101416
  Input Channel 4:
    0.041457 0.048452 0.068659 0.263501
    0.123698 -0.054829 0.045588 0.164531
    0.118577 0.155760 0.135210 0.002865
    -0.171848 0.008530 -0.036638 -0.029055
  Input Channel 5:
    -0.323478 -0.176967 -0.138733 -0.014182
    0.023016 -0.049324 0.115227 0.164799
    0.242679 0.046912 0.270547 0.177317
    -0.017963 0.033889 0.060360 0.140110
  Input Channel 6:
    -0.322100 -0.136183 -0.075912 -0.297858
    -0.123599 -0.004624 0.036896 -0.046003
    0.001938 0.091734 0.192951 0.162662
    0.099586 -0.072627 -0.063037 0.054655
  Input Channel 7:
    -0.231934 -0.197039 -0.175974 0.071208
    0.088024 -0.099532 -0.093537 -0.078015
    0.195553 0.047661 -0.195143 0.032385
    0.027720 0.049260 -0.006659 -0.121366
  Input Channel 8:
    -0.435665 -0.598645 -0.475987 -0.237757
    -0.082952 -0.002807 -0.042255 -0.093228
    0.175769 0.127387 0.019387 -0.020619
    0.064490 0.100595 0.126256 -0.126762
  Input Channel 9:
    0.414110 0.055332 0.006018 -0.386478
    0.311673 0.027994 0.193663 -0.197173
    0.117506 0.029389 -0.084361 -0.398610
    0.121097 -0.080812 -0.323046 -0.378288
  Input Channel 10:
    0.216885 0.068329 -0.014284 -0.208122
    0.045470 0.127788 0.224262 -0.100428
    -0.065562 0.010634 0.214680 -0.045940
    -0.209061 -0.346927 -0.281212 -0.204797
  Input Channel 11:
    -0.370294 -0.006745 -0.245184 -0.347324
    -0.071354 -0.029987 0.003747 -0.202780
    0.137786 0.008911 0.095971 -0.111197
    -0.005456 0.079732 -0.005400 -0.084331
  Input Channel 12:
    -0.430390 -0.222541 -0.229621 -0.046480
    -0.191653 0.064756 -0.146711 -0.029418
    0.277666 0.011635 0.061842 0.151213
    0.026894 -0.128209 -0.112292 0.032804
  Input Channel 13:
    0.071352 0.120220 0.216539 0.186554
    0.078509 0.057789 0.112940 0.054062
    0.007785 -0.050387 0.106376 0.065140
    -0.052899 -0.087397 -0.105209 0.147224
  Input Channel 14:
    0.145353 0.013299 -0.123218 -0.081793
    0.082404 0.103442 0.059537 -0.002965
    0.157377 0.198719 0.024547 0.091795
    -0.015591 -0.074705 0.012091 0.346176
  Input Channel 15:
    0.267857 0.139263 0.066767 0.159859
    0.193871 -0.041563 0.037360 0.042228
    0.148683 -0.069881 -0.073199 0.040434
    0.133893 0.006632 -0.053572 -0.150398
  Input Channel 16:
    0.009594 0.088647 0.143278 0.063972
    0.026890 -0.050042 -0.065282 0.210977
    0.002801 0.016411 -0.031751 0.294657
    0.075235 0.082313 0.016313 -0.077587
Filter 6:
  Input Channel 1:
    -0.049446 0.070545 0.108468 -0.085863
    -0.102821 0.020400 0.133796 -0.222257
    -0.101093 -0.085141 0.029896 0.006580
    -0.361247 -0.156902 0.001925 0.080784
  Input Channel 2:
    -0.413102 -0.276319 -0.199710 -0.175334
    -0.433567 0.002718 0.000076 -0.000449
    -0.002092 0.055598 0.073396 0.189759
    0.219826 0.035350 0.119364 0.105069
  Input Channel 3:
    -0.199176 0.089400 -0.051154 0.045364
    -0.176714 -0.004311 0.070464 0.217797
    -0.033021 0.072899 0.105730 0.184600
    0.081495 0.089033 0.003542 -0.119865
  Input Channel 4:
    0.169819 0.058335 0.065995 0.253306
    0.092681 0.007783 -0.035856 -0.022686
    -0.240701 -0.051419 0.009385 -0.251326
    -0.220842 -0.191820 -0.183144 -0.385787
  Input Channel 5:
    -0.098436 -0.015156 -0.002712 0.244583
    0.129185 -0.069378 -0.042695 0.064182
    0.084827 -0.064957 -0.112833 -0.182016
    0.165678 0.067068 -0.061328 -0.118443
  Input Channel 6:
    -0.151169 0.002920 0.012284 0.228491
    -0.008830 0.085112 0.041231 0.025594
    0.021298 -0.085266 0.008463 -0.096380
    0.072750 0.122749 -0.075017 -0.156218
  Input Channel 7:
    -0.321609 -0.137829 -0.075437 0.106043
    -0.144988 -0.124870 -0.056061 0.019982
    -0.111116 -0.075016 0.026372 -0.235532
    0.064956 0.022853 0.017043 0.076902
  Input Channel 8:
    -0.196733 0.053114 -0.008075 0.116203
    -0.161118 0.028039 0.068172 0.031446
    0.018180 -0.045364 -0.038112 0.066511
    0.089287 -0.002892 0.002277 -0.189432
  Input Channel 9:
    -0.001248 -0.175019 -0.246502 -0.621354
    0.220456 -0.122195 -0.037129 -0.012935
    0.232152 -0.096456 -0.005685 0.138378
    0.530361 0.311189 0.156208 0.146835
  Input Channel 10:
    0.095546 0.126048 0.129765 0.170639
    0.098844 -0.025244 -0.136516 0.021772
    -0.123250 0.011297 0.067279 0.013310
    -0.115200 -0.030616 -0.065986 -0.148272
  Input Channel 11:
    -0.093071 -0.116508 -0.118720 -0.367992
    0.022603 0.163861 -0.052820 -0.310576
    -0.075307 -0.001649 -0.027521 -0.004709
    -0.149172 -0.001080 -0.078708 0.007535
  Input Channel 12:
    -0.068328 -0.115892 0.026841 0.231691
    -0.060276 0.142670 0.101599 0.142566
    0.055487 0.108093 -0.008310 -0.145413
    0.093249 0.182561 0.000219 -0.265949
  Input Channel 13:
    -0.057321 0.009208 -0.216676 -0.541141
    0.057582 -0.000518 0.024720 -0.047515
    -0.010440 0.100584 -0.065905 0.047264
    -0.048139 -0.012666 0.078976 0.106304
  Input Channel 14:
    0.146070 -0.027108 -0.061996 0.080187
    0.093369 -0.033694 -0.007993 0.075240
    -0.050731 0.002964 -0.004387 -0.012736
    0.017865 -0.028324 -0.313247 -0.477793
  Input Channel 15:
    -0.038913 -0.068300 -0.089875 -0.009590
    0.001280 -0.213245 -0.078603 -0.218583
    0.052944 -0.056418 0.103497 -0.022382
    0.246756 0.061101 0.133889 0.056444
  Input Channel 16:
    0.005120 0.140608 -0.007985 0.144970
    -0.036046 -0.005437 -0.019279 -0.038501
    -0.178523 0.018329 0.071000 -0.009303
    -0.140637 -0.233847 -0.138030 -0.068345
Filter 7:
  Input Channel 1:
    -0.079744 -0.010572 0.064338 0.111248
    -0.014522 0.080036 0.259037 0.110302
    -0.134113 -0.027393 -0.061984 -0.043973
    -0.151991 0.027237 -0.089775 0.110864
  Input Channel 2:
    0.028728 0.065397 0.078450 0.077248
    -0.520614 0.073996 0.089459 0.139850
    -0.110220 0.088280 0.109453 0.015705
    -0.174886 -0.108238 0.148947 0.190957
  Input Channel 3:
    -0.452332 -0.474150 -0.200339 0.018774
    0.086886 -0.106405 0.002297 0.166493
    0.109037 0.011549 -0.031450 0.069977
    0.050842 -0.015633 0.026279 -0.010010
  Input Channel 4:
    0.234099 0.191974 0.102662 -0.057667
    -0.002106 0.024118 -0.104880 -0.220499
    0.131451 -0.010807 0.039580 -0.244610
    0.299977 0.170166 0.066389 -0.196144
  Input Channel 5:
    -0.343884 -0.207949 -0.034390 -0.140437
    -0.212338 -0.017089 -0.033461 -0.173453
    -0.166550 0.053059 0.114486 0.001194
    -0.145655 0.022249 0.165182 0.047085
  Input Channel 6:
    -0.227309 -0.346235 -0.098569 -0.004502
    -0.200899 0.015537 0.089360 0.024091
    -0.402731 -0.207391 0.008730 -0.000652
    -0.163514 -0.071011 0.002489 0.054622
  Input Channel 7:
    -0.282075 -0.137770 -0.035891 0.092749
    -0.031330 0.045333 0.180357 0.114653
    -0.040815 -0.070960 0.087694 0.093204
    -0.157681 -0.320360 -0.142445 0.013466
  Input Channel 8:
    -0.310474 -0.371074 -0.215790 -0.086734
    0.032777 0.215279 0.196332 0.150135
    -0.352993 -0.115276 0.036333 0.062280
    -0.245847 -0.063879 0.095490 -0.067806
  Input Channel 9:
    0.070653 -0.355478 -0.501984 -0.274084
    0.226904 -0.215729 -0.237530 0.272250
    0.309962 0.136564 0.139662 0.212018
    0.020648 -0.143997 0.124403 0.092929
  Input Channel 10:
    -0.003299 -0.009319 0.066876 0.004316
    0.137249 -0.112669 -0.056670 -0.009382
    0.427235 0.038029 0.048814 0.010458
    0.155706 0.095671 0.197543 0.263637
  Input Channel 11:
    0.501182 -0.071174 -0.103561 -0.057819
    -0.084445 -0.034419 -0.035069 -0.003581
    0.111143 -0.073413 0.084328 0.173354
    0.124457 -0.127060 0.001314 0.104496
  Input Channel 12:
    0.313645 0.083501 0.089163 0.235305
    0.084443 -0.030599 -0.015393 -0.017121
    -0.117828 0.019920 -0.123156 -0.349873
    -0.108497 0.056575 0.197514 0.028142
  Input Channel 13:
    -0.070385 -0.212470 -0.014156 -0.081814
    -0.175343 -0.254394 0.117257 -0.065425
    -0.077352 -0.255691 -0.011534 -0.063297
    0.020964 0.133322 0.214888 -0.099491
  Input Channel 14:
    0.222210 -0.073112 -0.339913 -0.141207
    -0.092221 -0.221189 -0.162198 -0.140040
    0.072883 -0.040115 0.065318 -0.136103
    0.080158 0.064357 0.065314 -0.230747
  Input Channel 15:
    0.118194 0.244166 0.174558 -0.126540
    -0.147112 0.038852 -0.041887 -0.269983
    -0.147595 -0.082265 -0.089316 -0.109644
    -0.126934 -0.261357 -0.065351 -0.051182
  Input Channel 16:
    0.220419 0.166476 0.098257 -0.119532
    0.043486 -0.067241 0.001721 -0.386257
    0.030362 0.000929 0.058155 -0.157453
    0.080093 -0.071760 -0.305420 -0.118923
Filter 8:
  Input Channel 1:
    -0.052816 -0.055958 -0.057894 0.021885
    -0.039284 0.060592 -0.055804 0.065982
    -0.079400 0.046124 0.153497 0.117098
    0.035916 -0.043720 -0.011770 -0.057416
  Input Channel 2:
    -0.033926 0.123249 0.077051 0.028357
    0.325280 0.194294 0.164031 0.074958
    0.269029 -0.147812 -0.221782 -0.055732
    0.266564 0.304419 0.105301 -0.125167
  Input Channel 3:
    0.166164 0.218690 0.102715 -0.022215
    0.140722 0.087377 0.058053 -0.148423
    0.069690 -0.080576 -0.027717 0.055251
    -0.284346 -0.396316 -0.274456 -0.165571
  Input Channel 4:
    -0.252755 -0.543305 -0.250540 -0.049731
    -0.394275 -0.374276 -0.103184 0.141802
    -0.327113 -0.474641 -0.072746 0.113199
    -0.704907 -0.343479 -0.121362 -0.087654
  Input Channel 5:
    0.068133 0.130105 0.119485 0.082170
    0.190726 0.074141 0.048807 0.048432
    0.010891 -0.217039 -0.009365 0.096731
    -0.070491 -0.129578 -0.174021 -0.178666
  Input Channel 6:
    0.027107 0.036652 0.116730 0.159875
    0.053667 -0.066593 -0.046503 -0.184311
    0.087573 0.082419 0.138873 0.053685
    -0.255530 -0.210157 -0.131723 -0.043423
  Input Channel 7:
    -0.076681 0.017414 -0.071103 -0.118668
    0.007144 0.106302 0.070396 0.007254
    0.168656 0.019781 -0.071674 0.041948
    0.321891 -0.073936 -0.146810 0.029083
  Input Channel 8:
    0.204441 0.286994 -0.037176 -0.212372
    0.084701 -0.003706 -0.161093 -0.215488
    0.043378 -0.104146 -0.191956 -0.092574
    0.210251 -0.001390 -0.033144 0.113026
  Input Channel 9:
    0.100615 -0.066813 0.040738 0.043174
    0.100253 -0.104956 0.008867 0.026419
    0.132652 -0.154978 -0.166985 -0.107290
    0.237614 -0.082468 -0.420341 -0.635196
  Input Channel 10:
    0.169538 -0.266210 -0.310812 -0.235509
    -0.164526 -0.295563 -0.266742 -0.044143
    -0.210904 -0.207327 0.098009 0.348610
    -0.536538 -0.546242 -0.417472 -0.236901
  Input Channel 11:
    0.118658 0.139847 0.138408 0.116564
    0.323337 0.013951 -0.058610 0.021952
    0.333836 0.030248 -0.113870 -0.004029
    0.084954 0.079155 -0.037693 -0.074523
  Input Channel 12:
    -0.060527 -0.064100 0.075645 0.130569
    -0.082127 -0.015453 0.035475 -0.001723
    0.042612 0.084235 -0.081201 -0.030979
    -0.042068 -0.097722 -0.097657 0.196837
  Input Channel 13:
    -0.019588 -0.116041 -0.209229 -0.081001
    -0.099678 -0.040453 0.033225 0.186721
    0.037248 0.103749 0.226155 0.197886
    0.152587 -0.004936 0.098098 -0.153537
  Input Channel 14:
    0.086443 0.024714 0.129588 0.097217
    -0.132338 -0.155908 0.008175 0.054844
    -0.070864 -0.175896 -0.278023 -0.219782
    -0.072744 0.119477 0.101500 0.017826
  Input Channel 15:
    -0.085387 -0.095970 0.010651 0.100117
    -0.065871 -0.215684 -0.031671 -0.024423
    -0.049348 -0.025685 -0.085378 -0.008234
    0.204185 0.103316 -0.014792 -0.091916
  Input Channel 16:
    -0.020603 -0.020914 -0.204803 -0.270129
    0.143979 0.134604 0.133242 0.192885
    0.050021 -0.057880 -0.035908 0.249574
    -0.015564 0.028331 0.071794 0.220080
Filter 9:
  Input Channel 1:
    0.054174 -0.068224 -0.071865 -0.030924
    -0.066984 -0.169585 -0.110410 -0.007645
    -0.046558 0.040872 -0.079028 -0.137427
    0.100420 0.025117 -0.380626 0.035667
  Input Channel 2:
    0.028987 -0.028984 -0.054465 0.069583
    0.270216 -0.122060 -0.168483 -0.033419
    0.251976 -0.049783 -0.075996 0.005527
    -0.061782 0.067873 0.115279 0.158341
  Input Channel 3:
    -0.060731 -0.158187 -0.062742 0.061816
    -0.015255 -0.008984 0.095964 -0.104829
    -0.299737 -0.103847 0.036803 -0.013919
    -0.246427 -0.063924 0.125564 0.087417
  Input Channel 4:
    0.258440 0.103333 0.107332 0.032878
    0.238231 0.147739 0.113945 0.094641
    0.140268 0.030678 -0.058390 0.035423
    0.199633 0.170420 0.008986 -0.014492
  Input Channel 5:
    -0.102129 -0.067662 -0.011068 0.008375
    0.061608 -0.027056 -0.002595 0.077970
    0.015572 -0.084414 -0.038903 -0.223673
    -0.216493 -0.035946 -0.086625 -0.256605
  Input Channel 6:
    -0.133847 -0.077493 -0.042523 -0.059975
    0.002454 -0.037029 -0.000010 0.034755
    0.001790 -0.135516 -0.130242 -0.042396
    -0.121636 -0.064749 0.076698 0.028251
  Input Channel 7:
    -0.009490 0.016794 -0.005142 0.058708
    0.125450 -0.064089 -0.115284 0.172527
    0.273010 0.023642 0.048151 0.255794
    -0.019006 -0.065462 -0.086147 -0.014364
  Input Channel 8:
    -0.012089 0.005351 0.019878 0.061094
    0.016706 -0.055436 -0.110206 0.029816
    -0.053577 -0.112593 0.011808 0.255198
    -0.017462 -0.139536 0.073866 0.395038
  Input Channel 9:
    -0.559779 -0.196584 -0.064025 0.000255
    0.176844 0.136263 0.062813 0.022755
    0.221715 0.164675 0.121522 0.104183
    0.156521 0.094188 0.074554 0.278180
  Input Channel 10:
    0.095776 0.235364 0.199703 0.011543
    0.258156 0.174696 0.193209 0.106586
    -0.034807 0.074614 0.003914 -0.018251
    0.157031 0.231881 0.083099 0.081338
  Input Channel 11:
    0.246272 -0.227905 -0.014244 0.100558
    0.141244 0.062702 0.061613 0.113002
    0.091810 0.061826 -0.111534 0.044540
    -0.134595 0.005458 -0.032097 0.074682
  Input Channel 12:
    0.017293 -0.143659 -0.051116 -0.175144
    -0.153594 -0.203624 0.038612 -0.035456
    0.033431 -0.033680 0.010262 0.129307
    -0.295825 -0.203172 -0.109449 -0.086024
  Input Channel 13:
    -0.054333 0.019022 0.144816 0.327099
    0.082686 0.064878 -0.204532 -0.356008
    0.009471 -0.156203 -0.503188 -0.166300
    -0.089107 -0.173949 -0.239302 -0.040573
  Input Channel 14:
    0.029915 -0.014239 -0.032386 -0.148349
    0.158755 0.110368 0.056813 0.101959
    0.020014 -0.056803 -0.099719 0.038655
    -0.033095 -0.048168 0.053147 -0.088548
  Input Channel 15:
    -0.153344 -0.232816 -0.093969 0.061388
    -0.197108 0.019030 0.008450 0.147561
    -0.005838 0.024476 -0.027540 0.047231
    -0.341194 -0.352080 -0.195206 0.094959
  Input Channel 16:
    -0.112740 -0.219054 -0.070647 -0.028223
    0.001124 0.085918 0.087616 -0.133143
    0.034282 0.005420 -0.061071 -0.201273
    0.084483 -0.041558 -0.156760 -0.053700
Filter 10:
  Input Channel 1:
    0.034194 0.064280 -0.046136 -0.234113
    0.082032 0.017132 0.022097 -0.085270
    0.002204 -0.156794 -0.078674 0.052742
    0.046202 -0.003088 -0.075583 -0.173299
  Input Channel 2:
    -0.131532 0.062940 -0.016463 0.049959
    -0.066673 -0.052506 -0.169281 0.052337
    -0.124984 -0.070516 -0.182711 -0.192179
    -0.065621 0.281592 -0.214426 -0.545832
  Input Channel 3:
    -0.188132 0.045739 0.159280 0.074856
    -0.057201 -0.120046 -0.225169 -0.126526
    0.158606 0.061876 -0.133559 -0.080964
    -0.135441 -0.005774 -0.259681 0.033735
  Input Channel 4:
    0.208986 0.030325 0.108548 -0.321246
    0.194646 0.055318 -0.019179 -0.190002
    0.364819 0.136218 -0.106737 -0.246140
    -0.278560 -0.127692 -0.026341 0.127726
  Input Channel 5:
    -0.067170 -0.101702 0.030635 -0.060672
    -0.232332 0.065466 0.017195 -0.154055
    -0.017524 0.108184 0.028696 -0.058968
    0.189824 0.060521 -0.089279 0.026065
  Input Channel 6:
    -0.077609 0.064977 -0.027930 -0.051632
    -0.077581 -0.024908 -0.052025 0.154993
    -0.020963 0.197212 -0.018717 -0.235579
    -0.019545 0.163884 0.006398 -0.404840
  Input Channel 7:
    0.249410 0.165690 0.130057 -0.062358
    -0.127660 0.031926 0.074754 -0.159862
    -0.541678 0.033531 0.049132 -0.075616
    0.014210 0.123374 0.062548 -0.147264
  Input Channel 8:
    -0.105291 -0.027930 0.094026 0.074228
    -0.038263 0.017566 0.038394 -0.084255
    -0.061664 0.137348 0.104889 -0.169543
    -0.010036 0.133562 -0.086103 -0.470427
  Input Channel 9:
    -0.910747 -0.052195 0.099894 0.230812
    -0.727936 0.091779 0.068741 0.023670
    -0.450433 -0.186350 -0.077939 -0.132396
    -0.227801 -0.246648 -0.158251 -0.061610
  Input Channel 10:
    0.262118 0.133406 0.075402 0.070983
    0.332639 0.073222 0.042401 -0.038890
    0.345082 -0.004750 0.000707 -0.166718
    -0.072646 -0.234879 -0.288553 -0.367289
  Input Channel 11:
    0.046867 -0.226502 -0.083165 -0.025581
    0.163997 -0.182410 -0.112021 0.070381
    -0.011273 0.164628 0.173877 0.030379
    -0.131100 -0.117656 -0.015841 0.098593
  Input Channel 12:
    -0.078363 -0.052211 -0.072211 -0.279554
    -0.046021 -0.051821 0.002095 -0.137309
    -0.082592 -0.011320 0.087195 0.046270
    -0.144667 -0.005071 0.043475 -0.029679
  Input Channel 13:
    -0.241422 -0.404118 -0.253064 0.091700
    -0.039815 -0.005175 0.023563 0.145829
    -0.046451 0.030714 0.170705 -0.020183
    0.101866 0.127086 -0.097965 0.183962
  Input Channel 14:
    -0.025041 0.137912 -0.054378 -0.168037
    0.074258 0.165161 0.164227 -0.012018
    0.114434 0.171800 0.032029 0.028527
    -0.108073 -0.001422 -0.055177 0.282110
  Input Channel 15:
    -0.181422 -0.204701 -0.095017 -0.127303
    0.114814 0.083691 -0.026034 0.009734
    0.302348 0.023201 -0.143456 -0.065027
    0.209290 0.154614 0.032782 -0.088379
  Input Channel 16:
    -0.090062 -0.250760 -0.306092 -0.147012
    0.025280 -0.008703 -0.079921 0.012347
    0.051314 0.053565 -0.110065 -0.139843
    -0.268880 0.040735 0.215973 0.025421
--------------------------------------------------------------------------------

Layer: conv3.bias
Shape: torch.Size([10])
Values:
Bias for Filter 1: 0.015253
Bias for Filter 2: 0.267679
Bias for Filter 3: -0.054842
Bias for Filter 4: -0.120440
Bias for Filter 5: -0.211644
Bias for Filter 6: -0.049382
Bias for Filter 7: -0.082845
Bias for Filter 8: -0.017089
Bias for Filter 9: 0.141773
Bias for Filter 10: -0.029736
--------------------------------------------------------------------------------
